135668
135669
135636
135635
135620
135618
135614
135586
135573
135544
135535
135571
135586
135609
135622
135644
135648
135644
135573
135527
135520
135506
135505
135545
135647
135639
135625
135616
135641
135642
135631
135612
135591
135575
135602
135609
135612
135642
135658
135626
135634
135617
135623
135602
135574
135598
135572
135573
135603
135623
135643
135654
135647
135656
135666
135675
135678
135666
135678
135676
135675
135693
135692
135693
135765
135766
135773
135787
135784
135819
135810
135798
135784
135776
135791
135792
135769
135780
135761
135706
135695
135701
135665
135684
135721
135741
135773
135724
135753
135741
135718
135658
135653
135666
135662
135670
135670
135739
135787
135710
135687
135655
135686
135715
135647
135652
135645
135668
135669
135648
135844
135898
135890
135965
135986
135981
135994
136005
135998
136071
136009
136003
135962
135965
135985
135967
135969
135965
135956
135948
135946
135919
135907
135877
135861
135857
135870
135865
135848
135850
135889
135825
135819
135784
135716
135696
135689
135715
135718
135748
135728
135627
135656
135628
135638
135635
135643
135644
135606
135610
135571
135618
135659
135612
135598
135615
135604
135592
135639
135633
135554
135533
135573
135561
135597
135658
135676
135699
135655
135607
135571
135452
135368
135397
135351
135376
135388
135400
135420
135397
135507
135510
135529
135436
135372
135320
135325
135307
135393