135616
135635
135624
135612
135610
135606
135583
135571
135533
135513
135514
135534
135554
135574
135594
135615
135632
135566
135503
135495
135494
135484
135476
135495
135540
135584
135585
135596
135607
135621
135591
135581
135565
135550
135568
135583
135583
135593
135590
135585
135593
135591
135592
135553
135554
135562
135555
135541
135565
135592
135617
135634
135626
135643
135647
135663
135655
135639
135648
135638
135659
135675
135683
135683
135692
135759
135755
135766
135768
135782
135779
135765
135761
135754
135762
135754
135734
135733
135683
135681
135674
135646
135640
135659
135666
135654
135702
135676
135674
135696
135596
135611
135605
135616
135629
135635
135620
135638
135705
135655
135626
135603
135619
135624
135588
135566
135584
135589
135631
135606
135649
135794
135853
135857
135913
135955
135936
135934
135956
135992
135973
135907
135917
135922
135946
135913
135926
135928
135926
135916
135899
135875
135865
135845
135823
135804
135840
135816
135808
135808
135819
135767
135780
135686
135659
135667
135640
135645
135665
135719
135577
135574
135613
135578
135587
135595
135609
135588
135571
135540
135534
135536
135579
135526
135447
135527
135537
135551
135562
135550
135461
135448
135518
135514
135540
135557
135634
135627
135560
135515
135398
135339
135322
135290
135299
135313
135315
135361
135359
135318
135391
135456
135421
135341
135238
135250
135260
135239
135279