1269640
1269710
1270850
1270710
1270240
1269550
1269400
1268910
1268120
1268680
1268570
1268050
1267940
1267630
1267170
1266930
1268270
1268550
1268980
1269730
1269370
1269990
1269870
1270440
1270010
1270020
1270610
1271850
1272730
1272520
1272360
1271850
1272320
1273170
1274850
1274520
1273680
1274070
1272550
1274980
1273530
1270560
1269560
1269000
1269680
1270390
1270250
1269320
1268430
1268910
1268790
1267800
1267300
1266750
1266860
1266550
1267160
1267470
1266330
1266590
1266070
1265740
1265000
1265390
1264620
1264320
1263300
1263530
1263500
1263680
1263950
1263710
1264020
1263570
1262930
1261810
1261320
1261090
1262000
1263060
1262810
1264250
1263250
1264300
1263240
1263120
1264040
1268190
1269520
1268010
1269410
1269460
1268390
1267760
1268260
1269140
1269240
1271200
1271140
1270610
1269920
1269600
1269410
1269110
1269410
1271260
1269760
1270370
1269960
1270460
1269230
1271840
1273020
1272610
1271380
1270730
1270670
1270050
1269590
1269950
1270310
1270020
1269110
1270140
1269270
1270700
1270580
1270060
1270470
1270500
1268540
1268460
1269370
1268630
1267890
1268340
1270150
1272070
1270630
1269920
1270280
1267840
1267760
1267810
1267880
1268130
1267320
1269840
1271040
1271150
1270220
1269530
1269250
1268790
1266100
1265420
1263790
1263610
1261130
1260710
1261160
1260870
1259550
1260800
1261830
1262140
1262150
1261490
1261200
1260080
1259520
1259210
1260750
1260770
1260230
1260240
1260630
1263800
1264200
1263550
1263050
1262850
1262600
1262480
1262840
1261580
1260650
1259570
1260150
1260210
1261950
1261750
1261060
1261140
1260750
1258680
1259140
1259670
1258620
1258820