126964
126970
127085
127071
127024
126955
126940
126891
126811
126868
126857
126804
126794
126763
126716
126692
126827
126855
126898
126973
126937
126999
126987
127044
127001
127001
127061
127184
127272
127252
127236
127184
127231
127316
127485
127452
127367
127407
127255
127498
127353
127055
126956
126899
126967
127038
127025
126932
126843
126891
126879
126780
126730
126675
126686
126655
126716
126747
126633
126659
126607
126574
126499
126539
126462
126432
126330
126353
126350
126367
126394
126371
126401
126357
126293
126181
126132
126109
126200
126306
126281
126425
126325
126430
126323
126312
126404
126819
126952
126801
126941
126946
126838
126776
126826
126914
126923
127120
127114
127061
126992
126960
126941
126911
126941
127126
126976
127037
126996
127045
126923
127184
127302
127261
127138
127072
127067
127004
126959
126994
127031
127001
126911
127014
126926
127070
127058
127006
127047
127050
126854
126845
126937
126862
126789
126834
127014
127207
127062
126992
127028
126784
126776
126781
126787
126813
126732
126984
127104
127115
127021
126953
126925
126879
126610
126542
126379
126360
126113
126071
126116
126087
125955
126079
126183
126214
126215
126149
126120
126008
125952
125921
126075
126077
126023
126024
126062
126380
126420
126355
126305
126285
126260
126248
126284
126157
126065
125957
126015
126021
126194
126174
126106
126114
126075
125868
125913
125967
125862
125882