28968
29385
32192
33050
32008
34028
36835
39473
40630
40239
38156
35413
33999
37348
39106
36734
35987
35798
36603
35898
35486
30794
32983
32082
32261
32246
32495
30393
33412
34223
34291
33105
33515
35486
37666
36970
38297
39251
38845
46388
46474
44809
47958
47388
47187
48631
47900
49137
52116
51553
55895
55894
57446
54102
48860
49700
47027
46291
46124
45205
49593
48451
50352
48320
48722
48848
50944
52368
54886
55837
57762
57195
61123
58965
55607
56876
58877
57604
58035
58082
57321
54051
54314
52252
51279
55025
55825
55738
57588
58752
58747
58686
58946
57051
58170
59088
57975
55914
58033
58054
59738
59939
59805
63543
62935
63186
61381
60021
56231
55654
56453
53767
51672
51129
50061
49076
54015
55030
54838
53538
57749
57813
56576
57162
53189
57473
56390
57327
58913
58259
55831
56707
49475
49648
49842
46721
46412
43523
42844
36713
40566
37288
37432
34652
38808
38333
39248
38489
35633
34575
35623
37237
36637
37535
39191
36813
35490
35757
33541
33360
37345
36639
37281
35498
38982
40484
40119
38303
38047
35771
35448
35559
31588
32486
33642
34620
31546
32237
34657
34449
35872
35012
33483
33753
34636
35250
33653
34187
33836
32839
33775
33467
34211
33061
32690
32780
31827
31346
31478
31743
30797
29752
32098
32255
33591
34233
35374
37206
39442
39985
39991
42181
41415
39825
39111
38156
39692
40844
42822
44571
43782
46235
45550
45507
44368
47781
47062
46969
45874
44638
44672
46722
49298
48824
49243
49478
47639
48934
46802
49041
48877
48753
46938
47079
48792
49233
49974
49892
51750
52644
46811
46010
46351
44803
45117
46001
44885
47064
48077
47705
47246
48258
47189
42957
40660
43510
44826
42793
42659
43140
42112
40966
41470
43757
48097
47599
48168
49184
51429
55273
53737
53884
54902
54637
57423
55945
57309
57293
61592
60813
61467
61979
64228
65955
62142
60623
61244
60788
63021
60261
58390
60535
62192
61824
61280
60882
63186
62872
61386
60954
61470
63248
67493
66881
64855
64752
64086
64341
65440
63561
60044
60299
56866
58056
59691
58651
56225
57514
57105
58931
53722
54703
57262
57774
56926
57168
56464
53611
49182
49398
50463
50567
50457
47525
47117
49327
50032
46668
48317
48830
47589
46100
46797
46637
46857
48858
48600
50773
50774
50363
50738
50654
47496
46412
47068
47429
